name: DuoBot
channels:
  - conda-forge
  - defaults
dependencies:
  - bzip2=1.0.8=h2bbff1b_6
  - ca-certificates=2025.2.25=haa95532_0
  - expat=2.6.4=h8ddb27b_0
  - freetype=2.10.4=h546665d_1
  - jpeg=9e=hcfcfb64_3
  - lcms2=2.16=hb4a4139_0
  - lerc=4.0.0=h63175ca_0
  - libdeflate=1.22=h2466b09_0
  - libffi=3.4.4=hd77b12b_1
  - libpng=1.6.39=h8cc25b3_0
  - libtiff=4.5.1=h44ae7cf_1
  - libwebp-base=1.5.0=h3b0e114_0
  - lz4-c=1.9.4=hcfcfb64_0
  - openjpeg=2.5.2=hae555c5_0
  - openssl=3.4.1=ha4e3fda_0
  - pillow=11.1.0=py312h096bfcc_0
  - pip=25.0=py312haa95532_0
  - pyscreeze=1.0.1=pyhff2d567_0
  - python=3.12.9=h14ffc60_0
  - setuptools=75.8.0=py312haa95532_0
  - sqlite=3.45.3=h2bbff1b_0
  - tk=8.6.14=h0416ee5_0
  - tzdata=2025a=h04d1e81_0
  - ucrt=10.0.22621.0=h57928b3_1
  - vc=14.42=haa95532_4
  - vc14_runtime=14.42.34438=hfd919c2_26
  - vs2015_runtime=14.42.34438=h7142326_26
  - wheel=0.45.1=py312haa95532_0
  - xz=5.6.4=h4754444_1
  - zlib=1.2.13=h8cc25b3_1
  - zstd=1.5.6=h8880b57_0
  - pip:
      - certifi==2025.1.31
      - charset-normalizer==3.4.1
      - idna==3.10
      - mouseinfo==0.1.3
      - pure-python-adb==0.3.0.dev0
      - pyautogui==0.9.54
      - pygetwindow==0.0.9
      - pymsgbox==1.0.9
      - pyperclip==1.9.0
      - pyrect==0.2.0
      - python-dotenv==1.1.0
      - pytweening==1.2.0
      - requests==2.32.3
      - urllib3==2.3.0
